1683281767610 -238.74142857825757 0
1683281947492 -248.8811696072817 1
1683282126981 -253.41255466306208 2
1683282306956 -255.13160506010055 3
1683282485963 -255.8115422753192 4
1683282647581 -256.17521724680546 5
1683282805078 -256.0724932557881 6
1683282957446 -256.37988324718503 7
1683283135398 -256.7313359028959 8
1683283266546 -256.5799298033657 9
1683283374163 -256.7385018622861 10
1683283522967 -256.81468208759986 11
1683283672000 -256.8252515421304 12
1683283776432 -257.051821020302 13
1683283877102 -256.9250949106204 14
1683284043953 -257.03876495246675 15
1683284178405 -257.10804338624473 16
1683284301769 -257.15044194285514 17
1683284475889 -257.240182067368 18
1683284640347 -257.14554154658043 19
1683284745212 -257.1519006724612 20
1683284856786 -257.27327902510774 21
1683285012715 -257.32873780414144 22
1683285139535 -257.27781722245066 23
1683285291033 -257.4009143704436 24
1683285485744 -257.4500926656926 25
1683285811308 -257.44058758492423 26
1683286168756 -257.41146162068844 27
1683286407044 -257.3720892532529 28
1683286765543 -257.30666841340064 29
1683287024821 -257.2550708319357 30
1683287270236 -257.35042072481104 31
1683287553675 -257.2794157633821 32
1683287912271 -257.29842848026755 33
1683288208112 -257.36097516910263 34
1683288417125 -257.33012824296543 35
