1683281767048 4155465842.624 0
1683281947006 1523301213.824 1
1683282126442 1124321813.392 2
1683282306423 1005714833.672 3
1683282485409 886815734.9202207 4
1683282647051 848433025.7611542 5
1683282804567 797496349.989673 6
1683282957018 765137649.8748899 7
1683283134912 719044334.5870547 8
1683283266191 721608315.7259897 9
1683283373775 712857215.789229 10
1683283522547 685498329.0974729 11
1683283671617 678222502.7292418 12
1683283776126 653723439.958692 13
1683283876809 638644551.0334374 14
1683284043454 619705984.205183 15
1683284178032 615029094.151373 16
1683284301375 597855853.708778 17
1683284475340 588726630.0681179 18
1683284639828 580986499.1982523 19
1683284744929 583982070.8296041 20
1683284856448 575601489.9308126 21
1683285012261 562523268.800918 22
1683285139127 558963419.1388102 23
1683285290687 551251203.0869023 24
1683285485425 556647251.774283 25
1683285810756 543422316.5395958 26
1683286168246 537415716.024 27
1683286406702 539036868.2915101 28
1683286764981 531907976.872 29
1683287024406 517024800.1597246 30
1683287269830 518937128.0145826 31
1683287553208 511871321.70018977 32
1683287911718 516471017.424 33
1683288207646 508588391.0950662 34
1683288416797 502022731.31841654 35
