1683281768749 -14.864230321995914 0
1683281948611 -8.40308980711177 1
1683282128067 -5.581165202317759 2
1683282308085 -4.119958059521392 3
1683282487069 -3.049484124789421 4
1683282648632 -2.45537417238086 5
1683282806095 -2.0473178621441366 6
1683282958434 -1.7464739642862268 7
1683283136488 -1.5005982112685265 8
1683283267333 -1.3667774132659687 9
1683283374891 -1.2896013104814006 10
1683283523934 -1.1033018654213476 11
1683283672861 -0.9742255121246474 12
1683283777050 -0.8538815948147193 13
1683283877712 -0.7929995723942322 14
1683284044934 -0.6904651282480593 15
1683284179245 -0.6483517175827896 16
1683284302574 -0.5803320235782744 17
1683284476974 -0.5403123644529991 18
1683284641364 -0.5082842999942608 19
1683284745919 -0.4907103010197611 20
1683284857446 -0.4634238758867296 21
1683285013725 -0.40715786887303945 22
1683285140380 -0.3933702372172821 23
1683285291687 -0.36510704798205695 24
1683285486420 -0.3704196880840775 25
1683285812271 -0.32677293960897713 26
1683286169930 -0.30917608658631796 27
1683286407827 -0.3046319711189661 28
1683286766624 -0.2856536522240494 29
1683287025696 -0.2451416209952428 30
1683287271003 -0.2533968221353767 31
1683287554553 -0.23722922759955886 32
1683287913459 -0.2348610942986561 33
1683288209095 -0.2110860751119188 34
1683288417809 -0.200987863668566 35
