1683281769871 0.018087652532267386 0
1683281949731 0.006736706165131182 1
1683282129193 0.00492005784320645 2
1683282309226 0.004449709111184348 3
1683282488210 0.00388453222319509 4
1683282649718 0.003707446872597327 5
1683282807105 0.0034518319778734786 6
1683282959356 0.003287666709751722 7
1683283137505 0.003069164126190159 8
1683283268206 0.003071255182283137 9
1683283375618 0.003032448321282474 10
1683283524850 0.0029088549015645125 11
1683283673752 0.002885509683044793 12
1683283777710 0.00277733320302992 13
1683283878337 0.002709092506520181 14
1683284045926 0.002637059818129691 15
1683284180108 0.0026280319424064136 16
1683284303417 0.0025381700792582304 17
1683284478070 0.002513096522702031 18
1683284642412 0.0024756222122739482 19
1683284746577 0.0024916192115642766 20
1683284858161 0.0024626925446700728 21
1683285014658 0.0024049145852018425 22
1683285141154 0.0023928158763181365 23
1683285292377 0.0023540129389404757 24
1683285487027 0.0023770336528346598 25
1683285813266 0.0023240750596847373 26
1683286171092 0.002296772412460996 27
1683286408604 0.0022977231578393416 28
1683286767726 0.0022713510627800134 29
1683287026506 0.002202350053160408 30
1683287271840 0.002208908858722279 31
1683287555529 0.0021820861794591153 32
1683287914698 0.0022000541459419763 33
1683288210161 0.0021618557941907104 34
1683288418436 0.002133425582431116 35
