1683281769334 0.022304864600067958 0
1683281949150 0.00817648924147943 1
1683282128620 0.00603493222896941 2
1683282308629 0.005398298836371396 3
1683282487624 0.004760097479038838 4
1683282649150 0.004554074916977663 5
1683282806600 0.004280667825830684 6
1683282958894 0.004106979662888901 7
1683283136987 0.003859569741905061 8
1683283267762 0.003873332139191165 9
1683283375244 0.003826359839347133 10
1683283524351 0.0036795086075148906 11
1683283673282 0.0036404549753812853 12
1683283777398 0.003508954103046262 13
1683283878012 0.003428016837110815 14
1683284045391 0.003326362415311165 15
1683284179702 0.003301258801422734 16
1683284303003 0.0032090799184916812 17
1683284477496 0.0031600780146215563 18
1683284641836 0.003118532177770143 19
1683284746236 0.0031346111723583306 20
1683284857796 0.003089627664336187 21
1683285014188 0.003019429167725383 22
1683285140749 0.003000321358501009 23
1683285291999 0.0029589253606510943 24
1683285486729 0.0029878891198090334 25
1683285812740 0.002916903122894594 26
1683286170506 0.002884662168478826 27
1683286408215 0.0028933638428316182 28
1683286767175 0.002855098887725035 29
1683287026095 0.0027752121269266905 30
1683287271427 0.0027854767258099415 31
1683287555048 0.002747550379934943 32
1683287914109 0.002772239651530981 33
1683288209628 0.002729928966137557 34
1683288418103 0.0026946872072122034 35
