1683281768228 -4155465642.56 0
1683281948058 -1523300960.896 1
1683282127556 -1124321560.448 2
1683282307527 -1005714580.744 3
1683282486516 -886815481.9869543 4
1683282648148 -848432772.8388993 5
1683282805573 -797496097.0740104 6
1683282957945 -765137396.9198238 7
1683283135947 -719044081.6698445 8
1683283266952 -721608062.810327 9
1683283374532 -712856962.8020147 10
1683283523463 -685498076.1780987 11
1683283672463 -678222249.7809868 12
1683283776729 -653723187.0567986 13
1683283877417 -638644297.9580919 14
1683284044441 -619705731.1247662 15
1683284178845 -615028841.0234427 16
1683284302156 -597855600.3855422 17
1683284476429 -588726376.8010243 18
1683284640947 -580986245.8022938 19
1683284745582 -583981817.3218589 20
1683284857090 -575601236.5695897 21
1683285013282 -562523015.114171 22
1683285139958 -558963165.6090652 23
1683285291344 -551250949.2956342 24
1683285486096 -556646997.9944496 25
1683285811823 -543422062.5843801 26
1683286169349 -537415462.048 27
1683286407466 -539036614.0826446 28
1683286766153 -531907722.868 29
1683287025271 -517024545.7790017 30
1683287270602 -518936873.9511484 31
1683287554123 -511871067.19291586 32
1683287912879 -516470763.208 33
1683288208641 -508588136.4524669 34
1683288417488 -502022476.92943203 35
