1683281770465 178.1767601966858 0
1683281950328 176.50695538520813 1
1683282129758 176.07703018188477 2
1683282309846 176.63596534729004 3
1683282488784 175.53119587898254 4
1683282650311 158.2394938468933 5
1683282807623 154.22959351539612 6
1683282959861 149.36474108695984 7
1683283138066 175.02417159080505 8
1683283268614 128.11214232444763 9
1683283375993 105.13180041313171 10
1683283525294 146.52986574172974 11
1683283674223 146.297016620636 12
1683283778082 101.875652551651 13
1683283878685 98.70307898521423 14
1683284046455 164.74432921409607 15
1683284180520 131.55106949806213 16
1683284303829 120.83151292800903 17
1683284478667 171.48538446426392 18
1683284642912 161.13338899612427 19
1683284746930 102.00499415397644 20
1683284858499 109.49345970153809 21
1683285015157 153.73339891433716 22
1683285141590 123.94450497627258 23
1683285292736 149.06788325309753 24
1683285487324 192.67429113388062 25
1683285813833 323.3971073627472 26
1683286171725 354.354665517807 27
1683286408961 234.96082854270935 28
1683286768294 355.9581792354584 29
1683287026897 256.0860843658447 30
1683287272245 242.91719484329224 31
1683287555941 280.9326479434967 32
1683287915286 355.75778555870056 33
1683288210710 292.3245587348938 34
1683288418831 206.06080389022827 35
