1683280033644 -5945574607.296 0
1683280123500 -2218894398.56 1
1683280213433 -1644272198.24 2
1683280302530 -1366296801.024 3
1683280392926 -1227360694.752 4
1683280482014 -1073722586.24 5
1683280572503 -1029303448.48 6
1683280657696 -881375166.9081365 7
1683280746780 -947306977.312 8
1683280835256 -837809915.36 9
1683280925659 -807145955.616 10
1683281013811 -843514098.368 11
1683281105112 -731967545.328 12
1683281193084 -763935986.288 13
1683281281901 -718899147.536 14
1683281372463 -738169010.624 15
1683281462091 -720870503.504 16
1683281552801 -681833473.248 17
1683281620351 -655882620.784 18
1683281711798 -655669640.464 19
1683281799612 -648188861.392 20
1683281890284 -634502144.192 21
1683281979300 -643543303.552 22
1683282069852 -593182522.432 23
1683282158052 -632034048.112 24
1683282248918 -577443245.728 25
1683282338051 -625206874.544 26
1683282427388 -565268044.44 27
1683282517704 -583015434.016 28
1683282606922 -595274483.744 29
