1683280033051 5945575761.6 0
1683280122939 2218895659.648 1
1683280212802 1644273477.952 2
1683280301939 1366298098.048 3
1683280392376 1227362000.288 4
1683280481434 1073723899.744 5
1683280571943 1029304767.808 6
1683280657150 881376489.5580052 7
1683280746212 947308302.976 8
1683280834726 837811242.16 9
1683280925095 807147283.344 10
1683281013266 843515426.992 11
1683281104556 731968874.448 12
1683281192548 763937314.656 13
1683281281297 718900477.2 14
1683281371873 738170339.28 15
1683281461560 720871833.344 16
1683281552212 681834803.248 17
1683281619777 655883950.688 18
1683281711243 655670970.368 19
1683281799034 648190192.08 20
1683281889723 634503473.584 21
1683281978702 643544633.76 22
1683282069268 593183852.272 23
1683282157497 632035377.824 24
1683282248335 577444576.224 25
1683282337429 625208203.632 26
1683282426827 565269374.824 27
1683282517104 583016765.168 28
1683282606314 595275814.784 29
