1683280034582 0.02560256208968349 0
1683280124300 0.009787807525251992 1
1683280214275 0.007283776260563172 2
1683280303394 0.005973899627919309 3
1683280393649 0.005406517087947578 4
1683280482856 0.004732220055651851 5
1683280573340 0.004539821024052799 6
1683280658488 0.0038212318250205454 7
1683280747598 0.004146989346132614 8
1683280836039 0.0036152100211475045 9
1683280926474 0.003460318371304311 10
1683281014608 0.0036154973016818987 11
1683281105943 0.0030935083098011093 12
1683281193914 0.003271955071715638 13
1683281282743 0.0030499993085395544 14
1683281373304 0.003149713999009691 15
1683281462886 0.003081240165454801 16
1683281553625 0.0029025066073518247 17
1683281621266 0.0027766301847295836 18
1683281712594 0.0028017299214261582 19
1683281800537 0.002747720543644391 20
1683281891171 0.0027056314617511816 21
1683281980084 0.002742786847986281 22
1683282070728 0.0025209495802992025 23
1683282158965 0.0026997746252454815 24
1683282249742 0.002449580956657883 25
1683282338890 0.0026638431850005873 26
1683282428161 0.0024095080789993516 27
1683282518514 0.002478706913010683 28
1683282607721 0.0025178841234883296 29
