1683280034874 89.49831581115723 0
1683280124616 88.04135799407959 1
1683280214597 88.14817023277283 2
1683280303658 87.31455993652344 3
1683280393940 88.67258596420288 4
1683280483173 87.4686553478241 5
1683280573639 88.72840476036072 6
1683280658748 83.48796606063843 7
1683280747892 87.44720244407654 8
1683280836354 86.80046272277832 9
1683280926760 88.70097327232361 10
1683281014893 86.49421977996826 11
1683281106213 89.62468791007996 12
1683281194175 86.32311940193176 13
1683281282992 87.08419728279114 14
1683281373592 88.86799311637878 15
1683281463185 87.95360279083252 16
1683281553898 88.98470497131348 17
1683281621565 65.84715747833252 18
1683281712858 89.63756084442139 19
1683281800809 86.13613820075989 20
1683281891485 88.86526322364807 21
1683281980365 87.20193386077881 22
1683282070965 88.86626315116882 23
1683282159259 86.52099251747131 24
1683282250012 89.04629445075989 25
1683282339200 87.40365886688232 26
1683282428445 87.59482264518738 27
1683282518826 88.64548110961914 28
1683282608034 87.47371006011963 29
