1683280034280 0.031913431845605376 0
1683280124018 0.011910148235503584 1
1683280213988 0.008825812998693436 2
1683280303086 0.007333755614468828 3
1683280393412 0.0065880038299364965 4
1683280482600 0.005763337782002055 5
1683280573062 0.005524914163746871 6
1683280658211 0.004730896115562148 7
1683280747334 0.005084790900000371 8
1683280835761 0.004497055801679381 9
1683280926233 0.004332464281236753 10
1683281014343 0.00452767348929774 11
1683281105679 0.0039289375700755046 12
1683281193623 0.0041005309888860215 13
1683281282466 0.0038587918020202778 14
1683281373025 0.003962224479997531 15
1683281462605 0.0038693732253159397 16
1683281553340 0.003659838540945202 17
1683281620909 0.0035205450522480535 18
1683281712329 0.0035194018584443257 19
1683281800213 0.0034792481199838222 20
1683281890856 0.0034057834629202264 21
1683281979793 0.0034543126847129315 22
1683282070454 0.003183996767969802 23
1683282158679 0.0033925357396365143 24
1683282249464 0.0030995148100191727 25
1683282338599 0.0033558902913355267 26
1683282427917 0.0030341633431380617 27
1683282518244 0.003129424027982168 28
1683282607429 0.0031952255486976354 29
