1683280033344 -1184.8791568689346 0
1683280123199 -1252.74896290493 1
1683280213108 -1283.4774622030259 2
1683280302233 -1303.2023753519059 3
1683280392647 -1309.8078951177597 4
1683280481717 -1315.8600378170013 5
1683280572201 -1319.5810654087068 6
1683280657412 -1322.821422975395 7
1683280746491 -1325.4128057794571 8
1683280834976 -1326.1389449977876 9
1683280925397 -1327.3956845531463 10
1683281013545 -1328.2942302894592 11
1683281104851 -1328.1623554267883 12
1683281192837 -1328.6733784847258 13
1683281281583 -1328.9216835918426 14
1683281372157 -1328.8107277297975 15
1683281461795 -1329.375364145279 16
1683281552506 -1329.5478994197845 17
1683281620087 -1330.0032482681274 18
1683281711521 -1329.865179359436 19
1683281799306 -1330.0875033998489 20
1683281889991 -1329.8554125871658 21
1683281978986 -1329.765783033371 22
1683282069552 -1330.00302532959 23
1683282157760 -1329.7704687671662 24
1683282248610 -1330.4840354337691 25
1683282337736 -1329.9883141670227 26
1683282427086 -1330.752682340622 27
1683282517393 -1331.1412031650543 28
1683282606599 -1331.1253925151825 29
