1683280033949 -17.524033185899256 0
1683280123772 -12.374429474264383 1
1683280213728 -9.602959017515182 2
1683280302789 -7.599886838808656 3
1683280393183 -6.143817172639072 4
1683280482296 -4.882042512547224 5
1683280572794 -4.133216932408511 6
1683280657973 -3.46929154388235 7
1683280747062 -3.085313264876604 8
1683280835507 -2.4744009345769884 9
1683280925946 -2.1937185122855007 10
1683281014084 -2.0967701073512437 11
1683281105406 -1.7239528580605983 12
1683281193336 -1.6448149195574224 13
1683281282208 -1.4369447564352305 14
1683281372732 -1.3526763411592693 15
1683281462356 -1.2001424706652761 16
1683281553080 -1.0197910736659541 17
1683281620644 -0.9128191266637296 18
1683281712066 -0.8606572424722836 19
1683281799888 -0.799241280883085 20
1683281890549 -0.741055436831899 21
1683281979537 -0.7342164897779003 22
1683282070156 -0.6059792659361847 23
1683282158354 -0.6617119155391119 24
1683282249192 -0.5296131828781218 25
1683282338338 -0.6051449629575946 26
1683282427651 -0.48463741776510144 27
1683282517999 -0.5086058784713968 28
1683282607184 -0.5126393878976815 29
