1683285565839 -9.318164375193417 0
1683285926142 -4.7161131395213305 1
1683286286514 -2.781460435975343 2
1683286616267 -1.8683410332223338 3
1683286870459 -1.5929540177212274 4
1683287157596 -1.2049995035822196 5
1683287516845 -0.9047491313086357 6
1683287808753 -0.7019911288874493 7
1683288063042 -0.5856172854955395 8
1683288351160 -0.47048968121965395 9
1683288615291 -0.43726629141837836 10
1683288724838 -0.36282988181408893 11
1683288835688 -0.40274704540857037 12
1683288965300 -0.32588723583032164 13
