1683285566902 0.016726087487884796 0
1683285927281 0.006216566346818581 1
1683286287667 0.005228260762291029 2
1683286617303 0.004305313091322267 3
1683286871196 0.004249561877606935 4
1683287158559 0.0037993211617950045 5
1683287518070 0.003645377745735459 6
1683287809698 0.003372026779917202 7
1683288063798 0.003239241267076928 8
1683288352107 0.0030249830902845005 9
1683288616316 0.0030418011013296077 10
1683288725599 0.002836254586717406 11
1683288836522 0.0029489717441911105 12
1683288966108 0.002756296095931995 13
