1683285566346 0.020554989945492708 0
1683285926713 0.00763503688131459 1
1683286287081 0.006439711280167103 2
1683286616806 0.005230345164086408 3
1683286870817 0.005188312776015396 4
1683287158074 0.0047061224133488466 5
1683287517466 0.004546921058994485 6
1683287809217 0.004257154441847846 7
1683288063437 0.0040941594882370905 8
1683288351636 0.0038220296107574886 9
1683288615815 0.003867848681705954 10
1683288725209 0.003631885622357178 11
1683288836065 0.003822062206706284 12
1683288965667 0.0035415739288092553 13
