1683285564704 -10616.392231098174 0
1683285924996 -11534.265570980073 1
1683286285367 -11523.02033239746 2
1683286615257 -11523.0278291895 3
1683286869668 -11518.1844829689 4
1683287156628 -11523.86472837417 5
1683287515679 -11520.260231208802 6
1683287807836 -11506.577495846674 7
1683288062220 -11493.423633440358 8
1683288350206 -11507.358867004188 9
1683288614266 -11518.219982705305 10
1683288724138 -11517.15898644224 11
1683288834834 -11513.704926044678 12
1683288964539 -11520.472552923575 13
