1683276019425 -4013441189.424 0
1683276101983 -485542800.652 1
1683276184346 -103221796.8235 2
1683276267375 -19331249.579375 3
1683276349605 -3831631.8031875 4
1683276432521 -721049.4107539062 5
1683276515316 -133379.50793310546 6
1683276598041 -23783.579979003905 7
1683276680475 -3529.3818653893472 8
1683276744829 448.39599043701577 9
1683276827697 701.4056687130928 10
1683276910294 874.0269049654007 11
1683276993217 920.1579589500427 12
1683277072583 947.0022372730606 13
1683277141838 917.7409435916607 14
1683277224987 917.056652770996 15
1683277308217 1014.4637983093262 16
1683277382914 1028.874768978056 17
1683277461914 993.477416659 18
1683277542693 1034.669752854605 19
1683277606987 1045.1492647432885 20
1683277674221 1020.0342931568052 21
1683277756879 1071.2788498382567 22
1683277839837 993.79440630579 23
1683277912185 1054.2353684014447 24
1683277994933 964.3403848743438 25
1683278049106 1041.4438347563362 26
1683278131198 1023.6984421033859 27
1683278211359 1023.3200534038464 28
1683278265376 1025.4769514601899 29
