1683276018368 4013441402.416 0
1683276100907 485543066.214 1
1683276183308 103222070.5245 2
1683276266290 19331523.00575 3
1683276348516 3831905.9035625 4
1683276431522 721324.3828046875 5
1683276514205 133654.67981201172 6
1683276597013 24058.54951397705 7
1683276679406 3805.414277902186 8
1683276743977 -172.49198654339477 9
1683276826658 -431.3866080465317 10
1683276909142 -611.0376147727966 11
1683276992161 -663.9741598815918 12
1683277071626 -695.2417413360404 13
1683277140947 -667.3830350653216 14
1683277223897 -672.0087015686036 15
1683277307110 -771.0150740737915 16
1683277381951 -786.3584419001218 17
1683277460966 -752.9616028673978 18
1683277541687 -794.0735095738448 19
1683277606225 -805.9222729716042 20
1683277673349 -779.9808369653298 21
1683277755887 -832.0499572029114 22
1683277838771 -756.6066163311004 23
1683277911213 -818.1751987590778 24
1683277993897 -731.7101472196579 25
1683278048423 -808.8013731739586 26
1683278130233 -794.3328406028747 27
1683278210428 -793.1629042306206 28
1683278264702 -795.3522598816414 29
