1683276020512 0.027979588844347744 0
1683276103029 0.011108095139614306 1
1683276185350 0.008979761395137757 2
1683276268446 0.007409200264897663 3
1683276350584 0.006941310633090325 4
1683276433561 0.006390780398447532 5
1683276516430 0.005874819625227247 6
1683276599056 0.005523021795146633 7
1683276681462 0.0058587853945209645 8
1683276745671 0.0053093631662511805 9
1683276828775 0.006989693890500348 10
1683276911326 0.00670807480905205 11
1683276994307 0.0062522056385059845 12
1683277073501 0.005820204328176192 13
1683277142776 0.006243008230230071 14
1683277225971 0.006255120386253111 15
1683277309187 0.004863728874479421 16
1683277383798 0.004695097815114833 17
1683277462906 0.005103500294460132 18
1683277543682 0.004642391561204985 19
1683277607760 0.004471437603988525 20
1683277675083 0.0047962105158266145 21
1683277757849 0.0042172302883118394 22
1683277840892 0.005041888359352015 23
1683277913064 0.004376150825425845 24
1683277995980 0.005193833341123536 25
1683278049797 0.004403401313151865 26
1683278132202 0.004595746059145313 27
1683278212235 0.004538220775734524 28
1683278265996 0.004534439450791643 29
