1683276018863 -257.16616520273686 0
1683276101441 -270.351474897027 1
1683276183770 -273.7483734127283 2
1683276266869 -273.4707245410681 3
1683276349049 -274.42750111329553 4
1683276432017 -275.2033249864578 5
1683276514738 -275.3514498788118 6
1683276597545 -275.1142676591873 7
1683276679922 -276.1785515962839 8
1683276744426 -276.0326481752293 9
1683276827160 -270.19650391042234 10
1683276909712 -263.1311352821589 11
1683276992700 -256.29197293698786 12
1683277072096 -251.8410493417265 13
1683277141371 -250.44293509551048 14
1683277224428 -245.1260461524725 15
1683277307637 -243.49199890446664 16
1683277382408 -242.5586992463264 17
1683277461450 -240.55722087983307 18
1683277542182 -240.63655616684545 19
1683277606612 -239.2579868718116 20
1683277673773 -240.0879741997179 21
1683277756367 -239.2508615899086 22
1683277839286 -237.22019192183018 23
1683277911675 -236.08368766506172 24
1683277994393 -232.66207948684692 25
1683278048741 -232.66306148430766 26
1683278130735 -229.38608177447318 27
1683278210838 -230.1770013710445 28
1683278265057 -230.14580213778797 29
