1683276019931 -2.584040851282887 0
1683276102518 -0.9638752451369074 1
1683276184844 -0.5367222471281421 2
1683276267869 -0.34722888432990295 3
1683276350087 -0.27517294027359457 4
1683276433033 -0.22644985297799575 5
1683276515849 -0.1796171461068734 6
1683276598555 -0.14470790165031214 7
1683276680959 -0.1461370957957115 8
1683276745274 -0.12864420069838414 9
1683276828234 -0.17744311514456057 10
1683276910807 -0.14184563946237905 11
1683276993809 -0.1081742889111847 12
1683277073052 -0.0805534572421162 13
1683277142310 -0.08502592161589467 14
1683277225482 -0.07809511483147799 15
1683277308741 -0.04327445888958937 16
1683277383358 -0.04237172081002592 17
1683277462375 -0.04140665063469215 18
1683277543184 -0.040313076812841915 19
1683277607351 -0.030994243369162604 20
1683277674633 -0.03451847643170176 21
1683277757355 -0.021967860167192158 22
1683277840326 -0.032402006158947186 23
1683277912644 -0.023518571643240376 24
1683277995466 -0.031841885783262115 25
1683278049462 -0.020599877925215414 26
1683278131684 -0.020480780279370614 27
1683278211811 -0.019852037169775218 28
1683278265682 -0.02111028534293568 29
