1683276021570 80.51886916160583 0
1683276104109 79.31155443191528 1
1683276186470 79.17202377319336 2
1683276269440 79.79163217544556 3
1683276351565 79.05274987220764 4
1683276434646 79.93252444267273 5
1683276517505 79.534170627594 6
1683276600014 79.48223924636841 7
1683276682525 79.36526894569397 8
1683276746594 61.42604470252991 9
1683276829855 80.03881096839905 10
1683276912408 79.2612042427063 11
1683276995439 79.72741293907166 12
1683277074526 76.1629228591919 13
1683277143641 66.40405082702637 14
1683277226996 80.24285674095154 15
1683277310193 80.08963131904602 16
1683277384690 71.73093914985657 17
1683277463908 76.26102232933044 18
1683277544775 77.75398135185242 19
1683277608604 61.41898512840271 20
1683277675904 64.7283844947815 21
1683277758908 79.96036529541016 22
1683277841907 79.84755301475525 23
1683277913975 69.29045581817627 24
1683277997045 79.90614008903503 25
1683278050511 51.36300015449524 26
1683278133262 79.70780968666077 27
1683278213230 77.15293669700623 28
1683278266712 51.457035064697266 29
