1683276021028 0.023022226873086766 0
1683276103536 0.009396316138096154 1
1683276185876 0.007468473342072684 2
1683276269003 0.006270100202702452 3
1683276351081 0.005859551561705302 4
1683276434114 0.005437072478525806 5
1683276516998 0.0049883950935327446 6
1683276599508 0.004662168497045059 7
1683276681946 0.004965464356355369 8
1683276746141 0.004539952976979782 9
1683276829286 0.005834034959378186 10
1683276911833 0.0057457611673162315 11
1683276994860 0.005355159025639295 12
1683277074015 0.005003924426955374 13
1683277143183 0.0052687836103909 14
1683277226492 0.005257303156249691 15
1683277309673 0.0040919277278298975 16
1683277384257 0.003969195870101593 17
1683277463411 0.004311973308325087 18
1683277544219 0.003929466415296825 19
1683277608170 0.0037910930467911575 20
1683277675489 0.0040548819405432516 21
1683277758400 0.0035407601905462797 22
1683277841443 0.004233045566361397 23
1683277913551 0.003702305024690131 24
1683277996488 0.0043571285480284135 25
1683278050112 0.003734511911258511 26
1683278132714 0.0038669498842791653 27
1683278212739 0.003830049444252048 28
1683278266318 0.003861180050863283 29
