1683281770095 -3752022893.184 0
1683281949734 -1343017471.944 1
1683282129031 -1125761231.936 2
1683282308915 -1002577286.256 3
1683282421221 -799334412.6275141 4
1683282599621 -801867521.72 5
1683282751143 -745706586.3131429 6
1683282885264 -734346946.0468855 7
1683283022702 -715611106.8458292 8
1683283156815 -681046620.8171467 9
1683283307981 -668666292.865175 10
1683283417929 -639673526.1399839 11
1683283563271 -644638526.6086956 12
1683283678353 -655974543.7210383 13
1683283786283 -622692207.5675676 14
1683283916193 -609601790.2485371 15
1683284057261 -601668402.7678684 16
1683284207334 -610477110.276775 17
1683284322846 -612015312.7407948 18
1683284485982 -582702365.9333698 19
1683284573153 -595836628.9301838 20
1683284721177 -566941480.1444043 21
1683284855552 -593283359.4373745 22
1683285011761 -569369646.6873207 23
1683285138260 -567800448.2152975 24
1683285369452 -554613494.0457281 25
1683285650814 -556080987.5268817 26
1683285933063 -554894140.5186591 27
1683286232449 -560879329.7954272 28
1683286476908 -543151596.3076923 29
1683286782404 -544823636.045815 30
1683287077000 -532923634.37304455 31
1683287382975 -540431344.3806168 32
1683287696002 -532353204.0022949 33
1683288010793 -523745716.1737143 34
1683288329305 -533647794.6584753 35
1683288553081 -533974165.16170555 36
