1683281771680 0.01638222074089572 0
1683281951345 0.00588598329242086 1
1683282130636 0.004907409002888017 2
1683282310515 0.004376109151402488 3
1683282422224 0.0034195769644059146 4
1683282601197 0.0034496042126847897 5
1683282752556 0.0031727935088399265 6
1683282886476 0.0031078907317118264 7
1683283023968 0.0030444818830355777 8
1683283157990 0.00288415608495787 9
1683283309436 0.0028293997758843978 10
1683283418941 0.00269908476585323 11
1683283564530 0.002716164599342781 12
1683283679412 0.0027514611760927283 13
1683283787286 0.0026232461609128326 14
1683283917381 0.0025645634967340044 15
1683284058600 0.002528709353244958 16
1683284208703 0.002565573707823087 17
1683284323899 0.0025620867635387924 18
1683284487428 0.002444762143864414 19
1683284573982 0.0025066884388545837 20
1683284722377 0.0023785759677713183 21
1683284856820 0.002499402866270568 22
1683285013116 0.00239696298595395 23
1683285139468 0.0023981185691634315 24
1683285370937 0.0023322909628853616 25
1683285652110 0.0023406695779298117 26
1683285934410 0.002334389497873837 27
1683286233898 0.002366857897908013 28
1683286478048 0.0022897493676324906 29
1683286783719 0.002284831834974782 30
1683287078450 0.002239863375492089 31
1683287384562 0.0022702213236241546 32
1683287697522 0.0022386401606581 33
1683288012349 0.0022045346589625947 34
1683288330893 0.0022500115680162158 35
1683288554199 0.002233699108490815 36
