1683281769549 -106.00880392992497 0
1683281949193 -114.59718937751651 1
1683282128478 -116.02199217918515 2
1683282308354 -116.52547764247656 3
1683282420930 -116.75139456349616 4
1683282599118 -116.85065360915661 5
1683282750632 -116.62276728616442 6
1683282884871 -116.76099283097977 7
1683283022258 -116.73509697734593 8
1683283156390 -116.72511964601235 9
1683283307498 -116.72639771022129 10
1683283417602 -116.76030231634648 11
1683283562798 -116.89956275879362 12
1683283677974 -116.87216834992412 13
1683283785899 -116.91133098086796 14
1683283915772 -116.93060976092458 15
1683284056839 -116.87217221781847 16
1683284206903 -116.79015770744617 17
1683284322485 -116.7571815644743 18
1683284485485 -116.83334557288075 19
1683284572918 -116.77117729487382 20
1683284720695 -116.84246009875147 21
1683284855144 -116.85137560658222 22
1683285011271 -116.90621183333012 23
1683285137898 -116.79986897389544 24
1683285368979 -116.81410992848457 25
1683285650359 -116.78117899650414 26
1683285932571 -116.79354641597381 27
1683286231995 -116.70772677846477 28
1683286476477 -116.74857989993357 29
1683286781894 -116.74067609544717 30
1683287076535 -116.76270094668105 31
1683287382512 -116.81583092636299 32
1683287695474 -116.89853176466022 33
1683288010301 -116.88413169799533 34
1683288328790 -116.85063286521388 35
1683288552716 -116.80888636977272 36
