1683281771143 0.02013935025362298 0
1683281950771 0.00720880176051287 1
1683282130099 0.00604265979968477 2
1683282309990 0.005381459137483034 3
1683282421855 0.004290535141491389 4
1683282600650 0.004304131838434842 5
1683282752095 0.004002683081198484 6
1683282886079 0.003941709214692957 7
1683283023559 0.003841142949936274 8
1683283157600 0.003655615030246433 9
1683283308951 0.003589162534961452 10
1683283418588 0.0034335413101981137 11
1683283564061 0.003460191390047788 12
1683283679063 0.0035210384624472183 13
1683283786957 0.0033423925952292717 14
1683283916961 0.0032721286260870746 15
1683284058149 0.0032295454752229147 16
1683284208206 0.0032768269805949313 17
1683284323539 0.003285083426006418 18
1683284486967 0.0031277436065827845 19
1683284573705 0.003198242913491613 20
1683284721977 0.0030431456674547656 21
1683284856388 0.0031845380154211255 22
1683285012669 0.003056179060575585 23
1683285139073 0.003047756252648103 24
1683285370422 0.0029769741139115784 25
1683285651634 0.0029848510144908124 26
1683285933896 0.002978480508888834 27
1683286233385 0.0030106065337289524 28
1683286477695 0.00291545137400069 29
1683286783283 0.0029244261948328885 30
1683287077977 0.0028605518819387133 31
1683287384024 0.0029008501760795623 32
1683287696952 0.002857490051135675 33
1683288011831 0.0028112886015857967 34
1683288330362 0.0028644388818102207 35
1683288553843 0.0028661907093179106 36
