1683281772266 178.4978425502777 0
1683281951936 176.3498661518097 1
1683282131163 175.9501953125 2
1683282311077 176.57792901992798 3
1683282422562 109.54840660095215 4
1683282601773 176.025799036026 5
1683282753084 148.34817171096802 6
1683282886925 131.37096500396729 7
1683283024369 134.882253408432 8
1683283158408 131.6082046031952 9
1683283309899 148.5672333240509 10
1683283419281 107.33406972885132 11
1683283564998 143.0705442428589 12
1683283679726 112.59281849861145 13
1683283787664 105.86259365081787 14
1683283917775 127.68448042869568 15
1683284059010 138.62951350212097 16
1683284209182 147.44890570640564 17
1683284324294 112.89204144477844 18
1683284487948 160.6310636997223 19
1683284574259 84.71859073638916 20
1683284722826 145.9166340827942 21
1683284857262 131.92269229888916 22
1683285013593 153.5528769493103 23
1683285139887 123.94655704498291 24
1683285371407 228.5872838497162 25
1683285652580 278.47985219955444 26
1683285934775 279.520827293396 27
1683286234372 296.7268831729889 28
1683286478385 241.70436215400696 29
1683286784240 303.0252616405487 30
1683287078954 291.7813241481781 31
1683287385111 303.0943570137024 32
1683287698041 309.8175559043884 33
1683288012924 311.6926052570343 34
1683288331381 315.3301808834076 35
1683288554629 220.95045495033264 36
