1683281770582 -9.312256235137582 0
1683281950229 -4.709761302880943 1
1683282129573 -2.9134707824084907 2
1683282309436 -1.8316377710374072 3
1683282421540 -1.1919322034729194 4
1683282600131 -0.9669779375870712 5
1683282751653 -0.7901209309109087 6
1683282885660 -0.6782034354512714 7
1683283023129 -0.5673652094012294 8
1683283157197 -0.4722993152274713 9
1683283308484 -0.4208505744941648 10
1683283418255 -0.35625337184821154 11
1683283563652 -0.34629715191682264 12
1683283678709 -0.33852899020879806 13
1683283786621 -0.2866541327740184 14
1683283916614 -0.26586928961272777 15
1683284057739 -0.25316195389390483 16
1683284207756 -0.24015978916861855 17
1683284323207 -0.25678719623777246 18
1683284486461 -0.22011080283651527 19
1683284573428 -0.21915116882638572 20
1683284721560 -0.1845642198194474 21
1683284855957 -0.19733240953175638 22
1683285012222 -0.16942625064158368 23
1683285138703 -0.19316073255474936 24
1683285369945 -0.15387250061408744 25
1683285651176 -0.14788171112146978 26
1683285933468 -0.1444347448532006 27
1683286232924 -0.14234933027014596 28
1683286477300 -0.1239544969200874 29
1683286782854 -0.11800155334380454 30
1683287077495 -0.10590191752978076 31
1683287383476 -0.11194896930705608 32
1683287696479 -0.1033218941415916 33
1683288011300 -0.09405114601600716 34
1683288329810 -0.0990055238994705 35
1683288553468 -0.09721465390534287 36
