1683281768992 3752022934.08 0
1683281948649 1343017597.864 1
1683282127924 1125761356.576 2
1683282307773 1002577411.536 3
1683282420650 799334539.082864 4
1683282598600 801867648.184 5
1683282750149 745706712.7771429 6
1683282884480 734347072.4929671 7
1683283021834 715611233.2982798 8
1683283156004 681046747.2203617 9
1683283306999 668666419.1761332 10
1683283417258 639673652.4022527 11
1683283562363 644638652.9016343 12
1683283677606 655974669.9232856 13
1683283785612 622692333.55842 14
1683283915374 609601916.2987952 15
1683284056434 601668528.8652751 16
1683284206476 610477236.3417569 17
1683284322086 612015438.6059059 18
1683284484954 582702491.6439104 19
1683284572681 595836754.8472441 20
1683284720200 566941605.7472924 21
1683284854763 593283485.3690556 22
1683285010831 569369772.2639128 23
1683285137552 567800573.8243626 24
1683285368505 554613619.465704 25
1683285649902 556081112.8652751 26
1683285932115 554894265.8975332 27
1683286231520 560879455.2731649 28
1683286476102 543151721.3911775 29
1683286781422 544823761.3016152 30
1683287076052 532923759.2635379 31
1683287382063 540431469.5800294 32
1683287694955 532353329.2392427 33
1683288009806 523745841.22057146 34
1683288328267 533647919.92404354 35
1683288552357 533974290.05953336 36
