1683282815532 0.01769518480746774 0
1683282994472 0.006628837944241241 1
1683283173760 0.004885773202462588 2
1683283345930 0.004538545307528693 3
1683283457338 0.0036511729087018237 4
1683283624531 0.0036447638515263573 5
1683283728637 0.0036226783573736474 6
1683283907960 0.0033536768177582416 7
1683284049376 0.003230386809784634 8
1683284226802 0.003188573683408322 9
1683284345560 0.0029770466499879408 10
1683284479886 0.0028600348143686142 11
1683284659090 0.002846238278376404 12
1683284789130 0.002780470117227705 13
1683284923937 0.0027367979168581467 14
1683285095421 0.002630887374241211 15
1683285265819 0.002632127129084005 16
1683285550407 0.00258714109056869 17
1683285824255 0.0024893316707801445 18
1683286152154 0.0024749906528903887 19
1683286358912 0.002500848677588415 20
1683286582995 0.002441294342236352 21
1683286895362 0.002432912474676349 22
1683287145530 0.0024050131533163 23
1683287505199 0.0023575021768338046 24
1683287773291 0.0023022173737875656 25
1683288086076 0.002308490757250168 26
1683288344152 0.0022682809515370507 27
