1683282814445 -14.94923133008182 0
1683282993411 -8.601422928161918 1
1683283172592 -5.6280572628676895 2
1683283344864 -4.075908795945346 3
1683283456635 -3.02809333464405 4
1683283623607 -2.691430354061418 5
1683283728025 -2.472149428185364 6
1683283906813 -2.0718700404567643 7
1683284048503 -1.8204701816937654 8
1683284225715 -1.5401302158320322 9
1683284344867 -1.2996692329820352 10
1683284479015 -1.1723413434601966 11
1683284657990 -1.063419732121285 12
1683284788360 -0.9397401456751583 13
1683284923173 -0.8727806421586622 14
1683285094432 -0.7769739102714921 15
1683285265001 -0.7353290722091022 16
1683285549485 -0.6924034356620283 17
1683285823406 -0.594622374386507 18
1683286151084 -0.5607574186193721 19
1683286358237 -0.5491507926101439 20
1683286582312 -0.5067146345242493 21
1683286894423 -0.48038270501142055 22
1683287144656 -0.4609434515981151 23
1683287503992 -0.4080550602519652 24
1683287772453 -0.36013241427091597 25
1683288085092 -0.35584140204524217 26
1683288343188 -0.32816955660006575 27
