1683282813343 -1218.8140598869325 0
1683282992221 -1293.3399187774658 1
1683283171390 -1313.1516408162117 2
1683283343774 -1318.5103160476685 3
1683283455940 -1321.0643442020432 4
1683283622629 -1325.8742233564788 5
1683283727414 -1326.9930802392878 6
1683283905727 -1326.82659953022 7
1683284047638 -1327.6084299539932 8
1683284224634 -1329.7530658702851 9
1683284344090 -1330.472728402433 10
1683284478100 -1331.0778173400665 11
1683284656892 -1331.2996636457444 12
1683284787597 -1331.06503242125 13
1683284922288 -1330.9053129437764 14
1683285093336 -1330.7052313513336 15
1683285264043 -1330.4732505935872 16
1683285548694 -1330.254671106453 17
1683285822479 -1330.556584650725 18
1683286150081 -1330.7549399886868 19
1683286357592 -1331.6276190375297 20
1683286581568 -1331.7793459082839 21
1683286893486 -1331.9654111938783 22
1683287143752 -1331.7677146638757 23
1683287502737 -1331.7809992237092 24
1683287771587 -1331.989611142766 25
1683288084036 -1332.1548875834978 26
1683288342352 -1332.1283606130366 27
