1683282812853 4082235710.624 0
1683282991676 1505285788.0 1
1683283170849 1115754832.032 2
1683283343203 1029676740.936 3
1683283455635 846017925.9597747 4
1683283622093 842221763.8728293 5
1683283727089 836996028.0619621 6
1683283905197 783613724.24 7
1683284047186 757400237.2068311 8
1683284224109 746162073.056 9
1683284343780 701237610.5927817 10
1683284477706 674328015.4427328 11
1683284656358 671727781.04 12
1683284787232 653224971.4891566 13
1683284921899 646657757.7173333 14
1683285092813 623063948.1589959 15
1683285263613 621793189.2827325 16
1683285548264 611226357.0702088 17
1683285822104 586350542.0681597 18
1683286149551 583307054.890224 19
1683286357313 590383237.7693632 20
1683286581203 573993198.4939662 21
1683286893085 569471478.7561675 22
1683287143367 564424743.5354108 23
1683287502127 553579000.624 24
1683287771146 541839769.312793 25
1683288083543 543328463.7062535 26
1683288341932 535149680.4351119 27
