1683282813878 -4082234502.928 0
1683282992827 -1505284499.632 1
1683283171993 -1115753521.312 2
1683283344362 -1029675422.752 3
1683283456281 -846016604.6918745 4
1683283623130 -842220437.5698638 5
1683283727727 -836994700.8055078 6
1683283906287 -783612397.264 7
1683284048085 -757398909.480076 8
1683284225169 -746160743.056 9
1683284344482 -701236279.9504193 10
1683284478574 -674326683.8633623 11
1683284657486 -671726449.84 12
1683284787976 -653223641.0932875 13
1683284922728 -646656426.7413334 14
1683285093926 -623062617.7740586 15
1683285264540 -621791858.6919671 16
1683285549112 -611225026.5300443 17
1683285822963 -586349211.2534891 18
1683286150593 -583305724.4959038 19
1683286357908 -590381905.9001721 20
1683286581970 -573991866.7996782 21
1683286893973 -569470146.5886403 22
1683287144228 -564423412.3512747 23
1683287503368 -553577668.776 24
1683287772022 -541838436.9082384 25
1683288084551 -543327131.67642 26
1683288342767 -535148348.48605853 27
