1683282816134 177.17156624794006 0
1683282995009 175.4979226589203 1
1683283174347 175.80539846420288 2
1683283346428 168.81472945213318 3
1683283457670 109.17872905731201 4
1683283625048 164.39697813987732 5
1683283729016 102.01626920700073 6
1683283908545 176.14223265647888 7
1683284049820 138.61794424057007 8
1683284227349 174.2557830810547 9
1683284345980 116.40316796302795 10
1683284480321 131.7002558708191 11
1683284659668 176.00424528121948 12
1683284789550 127.53721880912781 13
1683284924356 132.31901049613953 14
1683285095943 168.42918825149536 15
1683285266298 167.64203786849976 16
1683285550840 281.9358832836151 17
1683285824706 271.23189878463745 18
1683286152734 324.81582140922546 19
1683286359233 204.56171083450317 20
1683286583394 221.94350266456604 21
1683286895815 309.6569173336029 22
1683287145959 247.52587342262268 23
1683287505790 356.1068353652954 24
1683287773771 265.33155488967896 25
1683288086612 309.76247477531433 26
1683288344551 255.29457831382751 27
