1683282814974 0.02191179004055448 0
1683282993936 0.008079784306581132 1
1683283173171 0.005988942524418235 2
1683283345377 0.005526910767599475 3
1683283456999 0.004541105922211894 4
1683283624089 0.004520729660573325 5
1683283728323 0.00449268005867673 6
1683283907327 0.004206145849660971 7
1683284048893 0.004065442649736838 8
1683284226281 0.004005120808375068 9
1683284345194 0.003763984805183513 10
1683284479453 0.003619545179334072 11
1683284658486 0.003605588191683637 12
1683284788775 0.00350627274222018 13
1683284923560 0.003471022644972739 14
1683285094949 0.0033443808006344334 15
1683285265389 0.0033375598933293843 16
1683285549923 0.003280841490883524 17
1683285823832 0.00314731836212114 18
1683286151586 0.003130982177422836 19
1683286358559 0.0031689642088486942 20
1683286582676 0.003080989233868486 21
1683286894860 0.0030567185092734506 22
1683287145069 0.003029629712168816 23
1683287504586 0.002971414226631168 24
1683287772824 0.002908402870913527 25
1683288085610 0.0029163935729804727 26
1683288343631 0.0028724932363064456 27
