1683274421566 0.058156725009903314 0
1683274463259 0.02104180626478046 1
1683274504807 0.018703208941500633 2
1683274546173 0.017667696518357843 3
1683274587146 0.016752788727637382 4
1683274629156 0.014763398127630353 5
1683274670840 0.013132722629001364 6
1683274712683 0.012306393678300083 7
1683274754362 0.011804905331227928 8
1683274795750 0.01137596416240558 9
1683274837814 0.010986516223987565 10
1683274879685 0.010639458539430052 11
1683274921024 0.010292597635881976 12
1683274962737 0.0105183122146409 13
1683275003604 0.010728040908928961 14
1683275045163 0.012475805366178974 15
1683275086463 0.0126216059057042 16
1683275127300 0.012169337313855067 17
1683275168772 0.011485221797600389 18
1683275210346 0.010773721397621557 19
1683275251918 0.009647702084854244 20
1683275293356 0.009667662627762183 21
1683275335047 0.009332649879623204 22
1683275376862 0.009425112638855353 23
1683275418725 0.009023998340824619 24
1683275460855 0.009272654552711174 25
1683275502723 0.008389203852741048 26
1683275544521 0.00837447425420396 27
1683275585982 0.008191440256079659 28
1683275627923 0.008594835003605113 29
