1683274420520 3982536342.928 0
1683274462210 160557219.004 1
1683274503786 52191527.152 2
1683274545227 18997305.39075 3
1683274586086 6979065.8125 4
1683274628094 2442562.744875 5
1683274669824 885525.5121875 6
1683274711660 334330.3156875 7
1683274753329 125646.67422851562 8
1683274794731 46203.98816308594 9
1683274836698 16689.62440698242 10
1683274878657 5932.501738861084 11
1683274920030 2073.467135454178 12
1683274961710 666.0538853683472 13
1683275002594 120.75133441162109 14
1683275044109 -60.37916148376465 15
1683275085345 -223.44756921386718 16
1683275126240 -288.912584741354 17
1683275167740 -340.45568392944335 18
1683275209325 -377.6073172149658 19
1683275250932 -427.9193898115158 20
1683275292315 -430.3773073425293 21
1683275333997 -447.38704626464846 22
1683275375802 -447.0572188644409 23
1683275417648 -466.523218170166 24
1683275459841 -459.2093340148926 25
1683275501695 -503.3689700317383 26
1683275543518 -505.8424868526459 27
1683275584910 -514.6114831733704 28
1683275626883 -497.2994393463135 29
