1683274422076 41.22746682167053 0
1683274463786 40.10529327392578 1
1683274505339 39.976423263549805 2
1683274546663 39.862704038619995 3
1683274587714 39.39439034461975 4
1683274629687 40.35127067565918 5
1683274671338 40.11126518249512 6
1683274713195 40.299635887145996 7
1683274754897 40.11236023902893 8
1683274796299 39.80636143684387 9
1683274838330 40.372108936309814 10
1683274880197 40.301167011260986 11
1683274921595 39.80539298057556 12
1683274963256 40.087159872055054 13
1683275004142 39.31522846221924 14
1683275045673 39.95340061187744 15
1683275086983 39.65322971343994 16
1683275127806 39.229031562805176 17
1683275169274 39.909998655319214 18
1683275210951 40.02272295951843 19
1683275252367 39.954549074172974 20
1683275293874 39.92689847946167 21
1683275335603 40.095032691955566 22
1683275377450 40.18579936027527 23
1683275419350 40.172651052474976 24
1683275461432 40.47588801383972 25
1683275503285 40.23582911491394 26
1683275545065 40.20983409881592 27
1683275586493 39.82072305679321 28
1683275628448 40.36776900291443 29
