1683274421819 0.043081932404078545 0
1683274463521 0.017016812168993055 1
1683274505081 0.014850693263346329 2
1683274546399 0.013924415938323364 3
1683274587431 0.01320300066540949 4
1683274629432 0.011620157868601383 5
1683274671094 0.010289998637279496 6
1683274712936 0.009664765765890478 7
1683274754604 0.009265069732209667 8
1683274796024 0.00892753379466012 9
1683274838080 0.008647630507359281 10
1683274879957 0.00836441734014079 11
1683274921299 0.008109598993440159 12
1683274963014 0.008476909887744114 13
1683275003870 0.00879036263283342 14
1683275045415 0.010699313626158983 15
1683275086728 0.010982411578996107 16
1683275127539 0.010669120027218013 17
1683275169009 0.010004415933042765 18
1683275210638 0.009385968325892464 19
1683275252170 0.008358840372180567 20
1683275293617 0.008411052117589862 21
1683275335338 0.008101534412708134 22
1683275377144 0.0082171382678207 23
1683275419039 0.007798740230966359 24
1683275461140 0.008068084675818682 25
1683275503009 0.007275020575150847 26
1683275544789 0.00726062855287455 27
1683275586200 0.007066939616226591 28
1683275628189 0.007481936338124797 29
