1683274420769 -1535.097241153717 0
1683274462466 -1512.3827885837554 1
1683274504044 -1524.004131761551 2
1683274545455 -1531.9130405426026 3
1683274586344 -1536.0365520324708 4
1683274628356 -1530.9753098754884 5
1683274670081 -1521.2683462924958 6
1683274711912 -1516.741032377243 7
1683274753556 -1513.0532931461335 8
1683274794976 -1505.6345371074676 9
1683274836959 -1485.3223910064696 10
1683274878894 -1435.4411695213319 11
1683274920295 -1316.720605931282 12
1683274961962 -1046.942305316925 13
1683275002834 -770.4868673791885 14
1683275044394 -571.7513873448372 15
1683275085614 -415.75622916698455 16
1683275126508 -362.53645649194715 17
1683275168012 -334.5117929441929 18
1683275209576 -323.7193973686695 19
1683275251186 -318.4916986401081 20
1683275292565 -316.3305894639492 21
1683275334241 -314.1519873232842 22
1683275376058 -310.2080689516068 23
1683275417943 -307.7077272903919 24
1683275460082 -305.73713453674316 25
1683275501944 -302.4095673203468 26
1683275543737 -301.5394237756729 27
1683275585197 -300.78754989409447 28
1683275627165 -299.9571072833538 29
