1683274421306 -32.43822419682145 0
1683274462987 -27.780243146389722 1
1683274504570 -25.76771079337597 2
1683274545970 -24.37692970317602 3
1683274586875 -23.305562530636788 4
1683274628912 -22.562701296448708 5
1683274670575 -21.89353358244896 6
1683274712446 -21.165218807041644 7
1683274754101 -20.434677642971277 8
1683274795510 -19.762335006803273 9
1683274837562 -19.14384751522541 10
1683274879409 -18.566406764537096 11
1683274920802 -18.08101929730177 12
1683274962492 -17.32350115951896 13
1683275003371 -15.621745446324349 14
1683275044909 -13.35492060162127 15
1683275086190 -10.796650404304266 16
1683275127054 -9.508352309510112 17
1683275168523 -8.655887704879046 18
1683275210082 -8.149810590259731 19
1683275251691 -7.8099965989515185 20
1683275293078 -7.6335399219691755 21
1683275334779 -7.425386208020151 22
1683275376617 -7.215432251423597 23
1683275418496 -7.042436614558101 24
1683275460611 -6.870126694001257 25
1683275502443 -6.6170221128240225 26
1683275544264 -6.521417076550424 27
1683275585722 -6.426151132434606 28
1683275627687 -6.31823001947254 29
