1683274421030 -3982534872.32 0
1683274462718 -160555735.256 1
1683274504317 -52190028.378 2
1683274545730 -18995797.7565 3
1683274586637 -6977553.09425 4
1683274628667 -2441054.32959375 5
1683274670331 -884026.1365390625 6
1683274712190 -332834.7398164063 7
1683274753820 -124154.05566796874 8
1683274795239 -44718.11596923828 9
1683274837276 -15223.445854736328 10
1683274879144 -4515.626978393555 11
1683274920546 -774.827545214653 12
1683274962241 363.5649183588028 13
1683275003104 634.1137880859375 14
1683275044669 618.7756277008057 15
1683275085900 628.4071472930908 16
1683275126772 641.9406897277833 17
1683275168248 666.3115892829895 18
1683275209805 693.1769031829834 19
1683275251447 738.6010917358399 20
1683275292830 739.0743568878174 21
1683275334505 754.1136468200683 22
1683275376342 750.0498555145264 23
1683275418207 767.1885086822509 24
1683275460363 758.0763415222168 25
1683275502199 799.1615147094726 26
1683275544002 800.8604932098389 27
1683275585471 808.972880569458 28
1683275627415 790.9383167877197 29
