1683280123768 -14.864230321995914 0
1683280303009 -8.40308980711177 1
1683280482677 -5.581165202317759 2
1683280661966 -4.119958059521392 3
1683280840098 -3.049484124789421 4
1683281008196 -2.45537417238086 5
1683281164066 -2.0473178621441366 6
1683281316337 -1.7464739642862268 7
1683281495545 -1.5005982112685265 8
1683281604498 -1.3667774132659687 9
1683281721748 -1.2896013104814006 10
1683281869570 -1.1033018654213476 11
1683282018009 -0.9742255121246474 12
1683282123229 -0.8538815948147193 13
1683282223388 -0.7929995723942322 14
1683282389878 -0.6904651282480593 15
1683282523614 -0.6483517175827896 16
1683282647946 -0.5803320235782744 17
1683282822105 -0.5403123644529991 18
1683282987072 -0.5082842999942608 19
1683283092215 -0.4907103010197611 20
1683283202463 -0.4634238758867296 21
1683283350566 -0.40715786887303945 22
1683283477808 -0.3933702372172821 23
1683283585967 -0.36510704798205695 24
1683283682577 -0.3704196880840775 25
1683283847046 -0.32677293960897713 26
1683284026622 -0.30917608658631796 27
1683284145932 -0.3046319711189661 28
1683284317367 -0.2856536522240494 29
1683284448337 -0.2451416209952428 30
1683284571236 -0.2533968221353767 31
1683284712771 -0.23722922759955886 32
1683284891328 -0.2348610942986561 33
1683285040414 -0.2110860751119188 34
1683285144067 -0.200987863668566 35
1683285299319 -0.2034862316999654 36
1683285567148 -0.1846329041053987 37
1683285821958 -0.18502114970929903 38
1683286006999 -0.18377582107078516 39
1683286216708 -0.17891682791118887 40
1683286460927 -0.16678115122771958 41
1683286692268 -0.17516597413713403 42
1683286908221 -0.15070135974123872 43
1683287188099 -0.15797414707643162 44
1683287501572 -0.15383998236239033 45
1683287762610 -0.14286992647352495 46
1683288060619 -0.14061510889255385 47
1683288355741 -0.1344122006125352 48
