1683280124821 0.018087652532267386 0
1683280304109 0.006736706165131182 1
1683280483729 0.00492005784320645 2
1683280663061 0.004449709111184348 3
1683280841322 0.00388453222319509 4
1683281009242 0.003707446872597327 5
1683281165034 0.0034518319778734786 6
1683281317278 0.003287666709751722 7
1683281496650 0.003069164126190159 8
1683281605264 0.003071255182283137 9
1683281722454 0.003032448321282474 10
1683281870546 0.0029088549015645125 11
1683282018934 0.002885509683044793 12
1683282123859 0.00277733320302992 13
1683282223975 0.002709092506520181 14
1683282390868 0.002637059818129691 15
1683282524406 0.0026280319424064136 16
1683282648727 0.0025381700792582304 17
1683282823156 0.002513096522702031 18
1683282988074 0.0024756222122739482 19
1683283092848 0.0024916192115642766 20
1683283203106 0.0024626925446700728 21
1683283351571 0.0024049145852018425 22
1683283478581 0.0023928158763181365 23
1683283586639 0.0023540129389404757 24
1683283683169 0.0023770336528346598 25
1683283848058 0.0023240750596847373 26
1683284027684 0.002296772412460996 27
1683284146693 0.0022977231578393416 28
1683284318421 0.0022713510627800134 29
1683284449169 0.002202350053160408 30
1683284572069 0.002208908858722279 31
1683284713683 0.0021820861794591153 32
1683284892402 0.0022000541459419763 33
1683285041265 0.0021618557941907104 34
1683285144693 0.002133425582431116 35
1683285300049 0.0021430312207146797 36
1683285567981 0.002107327235031409 37
1683285822757 0.0021142704784919615 38
1683286007587 0.002122597683647156 39
1683286217348 0.002119697187536295 40
1683286461752 0.002102037800455244 41
1683286692976 0.0021120429378459703 42
1683286908893 0.0020897804409954813 43
1683287189024 0.0020437905530148975 44
1683287502635 0.0020856852841558715 45
1683287763420 0.0020554781935887855 46
1683288061569 0.002053875867465105 47
1683288356603 0.002021593581767423 48
