1683280122062 4155465842.624 0
1683280301309 1523301213.824 1
1683280481161 1124321813.392 2
1683280660362 1005714833.672 3
1683280838511 886815734.9202207 4
1683281006692 848433025.7611542 5
1683281162617 797496349.989673 6
1683281314890 765137649.8748899 7
1683281493850 719044334.5870547 8
1683281603278 721608315.7259897 9
1683281720670 712857215.789229 10
1683281868175 685498329.0974729 11
1683282016647 678222502.7292418 12
1683282122279 653723439.958692 13
1683282222472 638644551.0334374 14
1683282388314 619705984.205183 15
1683282522382 615029094.151373 16
1683282646762 597855853.708778 17
1683282820447 588726630.0681179 18
1683282985597 580986499.1982523 19
1683283091266 583982070.8296041 20
1683283201485 575601489.9308126 21
1683283349118 562523268.800918 22
1683283476702 558963419.1388102 23
1683283584918 551251203.0869023 24
1683283681689 556647251.774283 25
1683283845566 543422316.5395958 26
1683284025101 537415716.024 27
1683284144777 539036868.2915101 28
1683284315734 531907976.872 29
1683284447127 517024800.1597246 30
1683284570102 518937128.0145826 31
1683284711403 511871321.70018977 32
1683284889592 516471017.424 33
1683285039125 508588391.0950662 34
1683285143135 502022731.31841654 35
1683285298343 507735650.27525985 36
1683285565840 495900061.51373076 37
1683285820799 496493550.9065156 38
1683286006190 499278444.0326766 39
1683286215665 497438632.4130809 40
1683286459780 493849070.7167335 41
1683286691294 497084088.83378536 42
1683286907232 491912582.46652806 43
1683287186755 480967144.77925366 44
1683287500213 491959688.2570281 45
1683287761277 482570671.03063685 46
1683288059194 482229524.96269554 47
1683288354321 475663422.6714801 48
