1683280125454 178.35448694229126 0
1683280304643 175.82255864143372 1
1683280484301 176.48100924491882 2
1683280663614 176.02048444747925 3
1683280841894 174.8719460964203 4
1683281009714 164.7722692489624 5
1683281165526 152.87455773353577 6
1683281317743 149.33718872070312 7
1683281497101 176.0793628692627 8
1683281605607 106.16408181190491 9
1683281722831 115.0381965637207 10
1683281871011 145.311425447464 11
1683282019405 145.61177945137024 12
1683282124201 102.85034513473511 13
1683282224298 98.24590015411377 14
1683282391399 163.98904132843018 15
1683282524819 130.95609402656555 16
1683282649160 121.91670179367065 17
1683282823674 171.26108956336975 18
1683282988580 161.8930721282959 19
1683283093206 102.66983580589294 20
1683283203437 108.25247311592102 21
1683283352077 145.64981889724731 22
1683283478948 124.59925770759583 23
1683283586976 105.9455246925354 24
1683283683490 94.69837737083435 25
1683283848560 162.04963088035583 26
1683284028267 176.50162839889526 27
1683284147035 116.49713039398193 28
1683284318968 168.6681022644043 29
1683284449590 128.13029098510742 30
1683284572458 120.49679350852966 31
1683284714125 138.91686034202576 32
1683284892976 175.45783257484436 33
1683285041725 146.12037229537964 34
1683285144986 101.38697147369385 35
1683285300409 153.34334468841553 36
1683285568435 265.402859210968 37
1683285823208 252.349627494812 38
1683286007854 182.96636629104614 39
1683286217731 207.79525637626648 40
1683286462143 242.02564430236816 41
1683286693376 229.1316521167755 42
1683286909224 213.8196301460266 43
1683287189472 277.4986171722412 44
1683287503150 310.72722458839417 45
1683287763861 258.1146969795227 46
1683288062054 295.31675577163696 47
1683288357064 292.2372257709503 48
