1683280123191 -4155465642.56 0
1683280302428 -1523300960.896 1
1683280482164 -1124321560.448 2
1683280661445 -1005714580.744 3
1683280839549 -886815481.9869543 4
1683281007720 -848432772.8388993 5
1683281163587 -797496097.0740104 6
1683281315883 -765137396.9198238 7
1683281494954 -719044081.6698445 8
1683281604083 -721608062.810327 9
1683281721400 -712856962.8020147 10
1683281869113 -685498076.1780987 11
1683282017565 -678222249.7809868 12
1683282122910 -653723187.0567986 13
1683282223081 -638644297.9580919 14
1683282389348 -619705731.1247662 15
1683282523210 -615028841.0234427 16
1683282647535 -597855600.3855422 17
1683282821558 -588726376.8010243 18
1683282986564 -580986245.8022938 19
1683283091904 -583981817.3218589 20
1683283202172 -575601236.5695897 21
1683283350121 -562523015.114171 22
1683283477461 -558963165.6090652 23
1683283585642 -551250949.2956342 24
1683283682287 -556646997.9944496 25
1683283846552 -543422062.5843801 26
1683284026111 -537415462.048 27
1683284145554 -539036614.0826446 28
1683284316843 -531907722.868 29
1683284447895 -517024545.7790017 30
1683284570857 -518936873.9511484 31
1683284712350 -511871067.19291586 32
1683284890765 -516470763.208 33
1683285040009 -508588136.4524669 34
1683285143742 -502022476.92943203 35
1683285298997 -507735395.88523906 36
1683285566723 -495899806.9819156 37
1683285821620 -496493296.3909348 38
1683286006716 -499278189.6088419 39
1683286216394 -497438377.8726334 40
1683286460544 -493848816.1166606 41
1683286691932 -497083834.3525765 42
1683286907856 -491912327.8503119 43
1683287187672 -480966890.0999367 44
1683287501104 -491959433.73034996 45
1683287762210 -482570416.2203098 46
1683288060140 -482229270.2623345 47
1683288355310 -475663168.0625752 48
