1683280122627 -238.74142857825757 0
1683280301807 -248.8811696072817 1
1683280481667 -253.41255466306208 2
1683280660886 -255.13160506010055 3
1683280839029 -255.8115422753192 4
1683281007204 -256.17521724680546 5
1683281163084 -256.0724932557881 6
1683281315348 -256.37988324718503 7
1683281494372 -256.7313359028959 8
1683281603698 -256.5799298033657 9
1683281721029 -256.7385018622861 10
1683281868617 -256.81468208759986 11
1683282017103 -256.8252515421304 12
1683282122580 -257.051821020302 13
1683282222755 -256.9250949106204 14
1683282388829 -257.03876495246675 15
1683282522776 -257.10804338624473 16
1683282647145 -257.15044194285514 17
1683282820986 -257.240182067368 18
1683282986090 -257.14554154658043 19
1683283091576 -257.1519006724612 20
1683283201840 -257.27327902510774 21
1683283349577 -257.32873780414144 22
1683283477098 -257.27781722245066 23
1683283585248 -257.4009143704436 24
1683283681989 -257.4500926656926 25
1683283846064 -257.44058758492423 26
1683284025604 -257.41146162068844 27
1683284145153 -257.3720892532529 28
1683284316255 -257.30666841340064 29
1683284447505 -257.2550708319357 30
1683284570479 -257.35042072481104 31
1683284711870 -257.2794157633821 32
1683284890150 -257.29842848026755 33
1683285039570 -257.36097516910263 34
1683285143449 -257.33012824296543 35
1683285298680 -257.30120645114636 36
1683285566247 -257.3145470507418 37
1683285821201 -257.33065546757774 38
1683286006448 -257.27089074917103 39
1683286216018 -257.3403116474874 40
1683286460154 -257.3402132713312 41
1683286691634 -257.25776395941836 42
1683286907540 -257.3116667571038 43
1683287187223 -257.30629905441907 44
1683287500676 -257.24089029296266 45
1683287761718 -257.32005910101935 46
1683288059651 -257.33796399509004 47
1683288354823 -257.22073940866403 48
