1683280124300 0.022304864600067958 0
1683280303536 0.00817648924147943 1
1683280483209 0.00603493222896941 2
1683280662526 0.005398298836371396 3
1683280840677 0.004760097479038838 4
1683281008706 0.004554074916977663 5
1683281164517 0.004280667825830684 6
1683281316789 0.004106979662888901 7
1683281496106 0.003859569741905061 8
1683281604872 0.003873332139191165 9
1683281722111 0.003826359839347133 10
1683281870073 0.0036795086075148906 11
1683282018478 0.0036404549753812853 12
1683282123535 0.003508954103046262 13
1683282223670 0.003428016837110815 14
1683282390332 0.003326362415311165 15
1683282523986 0.003301258801422734 16
1683282648323 0.0032090799184916812 17
1683282822614 0.0031600780146215563 18
1683282987590 0.003118532177770143 19
1683283092539 0.0031346111723583306 20
1683283202735 0.003089627664336187 21
1683283351055 0.003019429167725383 22
1683283478203 0.003000321358501009 23
1683283586269 0.0029589253606510943 24
1683283682883 0.0029878891198090334 25
1683283847576 0.002916903122894594 26
1683284027136 0.002884662168478826 27
1683284146304 0.0028933638428316182 28
1683284317882 0.002855098887725035 29
1683284448724 0.0027752121269266905 30
1683284571620 0.0027854767258099415 31
1683284713235 0.002747550379934943 32
1683284891892 0.002772239651530981 33
1683285040803 0.002729928966137557 34
1683285144333 0.0026946872072122034 35
1683285299694 0.002725351804561464 36
1683285567579 0.0026618232415665916 37
1683285822365 0.0026650088450082556 38
1683286007272 0.002679957001944865 39
1683286217014 0.002670081646106304 40
1683286461332 0.002650814364709074 41
1683286692607 0.0026681786107623944 42
1683286908563 0.0026404200995964406 43
1683287188566 0.0025816694926853413 44
1683287502097 0.0026406729402519095 45
1683287762989 0.0025902765598661056 46
1683288061112 0.002588445431992432 47
1683288356187 0.0025532012995515716 48
