1683287221526 0.02550317582860589 0
1683287401149 0.009946324582211672 1
1683287580766 0.007343411516281776 2
1683287760954 0.006133644724963233 3
1683287940648 0.0055046384055167435 4
1683288117604 0.005102404045523144 5
1683288297100 0.004801338748424314 6
1683288476384 0.004538050634553656 7
1683288611816 0.004289949619676918 8
1683288697117 0.0041725968245300464 9
1683288787634 0.003936812065134291 10
1683288879233 0.0038743710952694526 11
1683288970211 0.003860135942464694 12
1683289062633 0.003664014366513584 13
