1683287221214 0.03181396049354225 0
1683287400874 0.012008983884938061 1
1683287580460 0.009012141557410359 2
1683287760682 0.007595489212195389 3
1683287940313 0.006805546257528477 4
1683288117307 0.0062962260536151005 5
1683288296809 0.005907804903341457 6
1683288476104 0.005572079753852449 7
1683288611548 0.005300668649026193 8
1683288696827 0.00519102920498699 9
1683288787373 0.004863928310922347 10
1683288878917 0.004784780674031936 11
1683288969931 0.004764891208382324 12
1683289062347 0.004528862836770713 13
