1683287220367 -11970.761263565064 0
1683287400053 -12669.19922355652 1
1683287579602 -12958.134148262025 2
1683287759758 -13135.198838027954 3
1683287939400 -13286.551972457886 4
1683288116447 -13343.570694778442 5
1683288295951 -13382.725147811889 6
1683288475229 -13393.746921264648 7
1683288610679 -13408.034093322754 8
1683288695957 -13419.931356994628 9
1683288786523 -13427.561342422485 10
1683288878142 -13412.93594921875 11
1683288969073 -13365.283869171142 12
1683289061594 -13265.951038787842 13
