1683284425932 -5149667772.0 0
1683284592776 -1894206317.9780924 1
1683284771877 -2055398809.616 2
1683284943275 -1553226533.9748955 3
1683285114725 -1679380841.6569037 4
1683285374218 -1437946496.2294495 5
1683285640665 -1256862115.19357 6
1683285997917 -1258149891.424 7
1683286355780 -1222262762.608 8
1683286617371 -1010534588.8055078 9
1683286878270 -997095631.9283993 10
1683287142792 -1020188888.2304085 11
1683287426928 -985228617.71537 12
1683287785315 -986298906.704 13
1683288017961 -974959873.3390158 14
1683288283604 -943454116.9189551 15
1683288536890 -1006551911.5807365 16
