1683284427042 0.027641332028899342 0
1683284593794 0.010167356371116206 1
1683284772990 0.011032571228337474 2
1683284944339 0.008337117377271637 3
1683285115742 0.009014261736087385 4
1683285375277 0.007718341646324867 5
1683285641537 0.0067463553083620155 6
1683285999005 0.006753267554508056 7
1683286356844 0.006560640248411801 8
1683286618212 0.005424170654985201 9
1683286879064 0.005352035865569151 10
1683287143743 0.005475990955870067 11
1683287427863 0.005288338629590144 12
1683287786426 0.0052940834970213475 13
1683288018679 0.005233220239785124 14
1683288284472 0.00506411032208191 15
1683288537666 0.005402793281262466 16
