1683284424793 5149669019.68 0
1683284591784 1894207644.7085226 1
1683284770820 2055400208.496 2
1683284942316 1553227950.8953974 3
1683285113677 1679382291.3640168 4
1683285373198 1437947959.9856594 5
1683285639860 1256863580.2598794 6
1683285996783 1258151365.488 7
1683286354723 1222264228.064 8
1683286616593 1010536050.6492255 9
1683286877486 997097093.8822719 10
1683287141910 1020190344.4233087 11
1683287426015 985230083.0360532 12
1683287784166 986300370.976 13
1683288017222 974961334.465711 14
1683288282727 943455581.1707971 15
1683288536014 1006553379.5807365 16
