1683284426516 -2.270968986459542 0
1683284593238 -0.6606936347619846 1
1683284772444 -0.40524468302587047 2
1683284943820 -0.24541196130105553 3
1683285115222 -0.24631894770009924 4
1683285374720 -0.15748458751691946 5
1683285641097 -0.1257331824306837 6
1683285998438 -0.10858690741905594 7
1683286356319 -0.09633968298400578 8
1683286617796 -0.060615154561925705 9
1683286878651 -0.0543566426853453 10
1683287143242 -0.05473953793444163 11
1683287427398 -0.05380439699487481 12
1683287785882 -0.0464953231459258 13
1683288018348 -0.047361865185831464 14
1683288284024 -0.0407012237991921 15
1683288537304 -0.04348662781332018 16
