1683284428057 178.91824436187744 0
1683284594821 163.69935154914856 1
1683284774118 175.97528195381165 2
1683284945470 168.17398405075073 3
1683285116740 168.1938030719757 4
1683285376431 256.43093061447144 5
1683285642409 263.40450835227966 6
1683286000237 354.3615233898163 7
1683286358015 354.40655398368835 8
1683286619010 258.549955368042 9
1683286879840 258.44913840293884 10
1683287144669 262.0575830936432 11
1683287428787 281.3118236064911 12
1683287787654 355.3614227771759 13
1683288019535 229.53641939163208 14
1683288285395 263.1643326282501 15
1683288538462 250.6035189628601 16
