1683284425380 -1296.6832764787673 0
1683284592309 -1334.9674989148446 1
1683284771344 -1403.2546073040962 2
1683284942814 -1424.6824251348503 3
1683285114173 -1448.0396584995622 4
1683285373718 -1459.6479622458678 5
1683285640225 -1461.7493737087264 6
1683285997343 -1467.8170580148696 7
1683286355224 -1462.3010219163896 8
1683286616988 -1461.9581120095443 9
1683286877901 -1461.6713474976216 10
1683287142339 -1455.5672928400672 11
1683287426530 -1464.328310889884 12
1683287784749 -1463.332389957428 13
1683288017588 -1461.252958933266 14
1683288283164 -1464.0688862478023 15
1683288536459 -1466.1015107732994 16
