1683284427561 0.022905389140942135 0
1683284594299 0.008528226838481241 1
1683284773558 0.009288887669681571 2
1683284944924 0.006941453267629726 3
1683285116198 0.007301366388776815 4
1683285375829 0.006430428831035536 5
1683285641938 0.005688407662735063 6
1683285999586 0.005659559502033517 7
1683286357453 0.005548302635434084 8
1683286618584 0.004610686316339238 9
1683286879467 0.004537656125989254 10
1683287144173 0.004624264981917044 11
1683287428311 0.004486123798046895 12
1683287787059 0.004462118620460387 13
1683288019102 0.004426416650332196 14
1683288284925 0.004291338286818269 15
1683288538064 0.004553177679734563 16
