1683294595935 -0.16922728622999977 0
1683294753221 -0.01498895110531547 1
1683294831643 -0.01226122601059412 2
1683294916082 -0.00863888249693206 3
1683295023327 -0.006493653219929842 4
1683295153333 -0.005292028491907925 5
1683295302709 -0.005039269672728498 6
1683295526489 -0.003959279238019354 7
1683295641662 -0.0059480815677872625 8
1683295744548 -0.0042766134147120645 9
1683295839487 -0.003950340366871824 10
1683295964536 -0.003175393265677025 11
1683296048045 -0.003980820982572757 12
1683296196507 -0.0029568503528310907 13
1683296357878 -0.002984544403919034 14
1683296469700 -0.0023625833997636676 15
1683296603105 -0.0020246116089511117 16
1683296759677 -0.0024987478263699377 17
1683296885285 -0.0021287232608813646 18
1683297014662 -0.002013055808727306 19
