1683294595395 -2.5911955814856897 0
1683294752875 -1.520121687554842 1
1683294831303 -1.3897079271494854 2
1683294915757 -1.2008653563205227 3
1683295022999 -1.0820165106491728 4
1683295153026 -0.941053318486107 5
1683295302401 -0.8678403058812253 6
1683295525979 -0.7112275155403491 7
1683295641364 -0.878317437754627 8
1683295744269 -0.7618991879672985 9
1683295839211 -0.6811269951436072 10
1683295964204 -0.5556627212552331 11
1683296047811 -0.5879163083871903 12
1683296196100 -0.5892965524880786 13
1683296357485 -0.5563596159585285 14
1683296469408 -0.42423406109421485 15
1683296602728 -0.408993571687247 16
1683296759306 -0.4265281005475587 17
1683296884965 -0.41434605055281865 18
1683297014335 -0.2859858027305028 19
