1683294596498 0.12322835128332067 0
1683294753585 0.09787090579520497 1
1683294831931 0.09662947016609282 2
1683294916350 0.09509621312940594 3
1683295023663 0.0935022595307804 4
1683295153628 0.0920431957201934 5
1683295303015 0.09029861408159162 6
1683295526990 0.08813968248033244 7
1683295641947 0.08871618512181297 8
1683295744788 0.08695122722702546 9
1683295839718 0.08544747667879772 10
1683295964827 0.08453137381883938 11
1683296048369 0.08508812367991508 12
1683296196923 0.08458716349321106 13
1683296358340 0.0843639298749505 14
1683296469995 0.08373198076699544 15
1683296603460 0.08313297953123971 16
1683296760112 0.08306158696286854 17
1683296885607 0.0830895014855812 18
1683297015026 0.08059667184670105 19
