1683294594161 16.101475862485465 0
1683294752129 10.096646304667019 1
1683294830718 10.322521635427433 2
1683294915215 10.507301770519371 3
1683295022318 10.397417257635084 4
1683295152432 10.305014927150419 5
1683295301690 10.318745890308472 6
1683295524952 10.087535684415005 7
1683295640748 10.747921808503666 8
1683295743703 10.332387175616317 9
1683295838653 10.239081715125156 10
1683295963562 10.10489943493382 11
1683296047328 10.436512122033218 12
1683296195317 10.253110364052313 13
1683296356691 10.302725090563538 14
1683296468796 10.171477878604986 15
1683296602002 10.119877854177814 16
1683296758455 10.121974763976933 17
1683296884302 10.130781827991422 18
1683297013600 10.0693106846911 19
