1683294594742 -13.679507558718903 0
1683294752490 -8.591513574642988 1
1683294831015 -8.945074937582474 2
1683294915475 -9.315075301348074 3
1683295022646 -9.321894393857697 4
1683295152707 -9.369253636881448 5
1683295302039 -9.45594486165888 6
1683295525478 -9.38026744367557 7
1683295641042 -9.875552457535015 8
1683295743989 -9.574764592707 9
1683295838948 -9.561905060444355 10
1683295963887 -9.552412099354033 11
1683296047562 -9.852576630334926 12
1683296195690 -9.666770654462612 13
1683296357041 -9.749350019522904 14
1683296469113 -9.74960640350653 15
1683296602382 -9.712908890802632 16
1683296758862 -9.69794541190085 17
1683296884638 -9.71856450803719 18
1683297013958 -9.785337945205507 19
