1683294597149 0.08538329522532588 0
1683294753948 0.06771732401932709 1
1683294832245 0.06710594108687147 2
1683294916637 0.06632830140214518 3
1683295024051 0.06513658865285274 4
1683295153930 0.06406462417741433 5
1683295303324 0.06351381884695459 6
1683295527520 0.06247338956943685 7
1683295642264 0.06272332892872295 8
1683295745060 0.06148799304065742 9
1683295839980 0.061045275512725816 10
1683295965126 0.06012101966660092 11
1683296048647 0.05999590951423906 12
1683296197325 0.05936449230521255 13
1683296358758 0.059670061948450315 14
1683296470282 0.05880103071284217 15
1683296603833 0.05833859107744065 16
1683296760516 0.0583104228129588 17
1683296885937 0.05825945711774806 18
1683297015411 0.05718521467930872 19
