1683294597757 321.40507411956787 0
1683294754345 154.36992931365967 1
1683294832572 76.3585364818573 2
1683294917007 82.626699924469 3
1683295024360 105.3091208934784 4
1683295154243 128.05439376831055 5
1683295303654 147.44371247291565 6
1683295528070 221.2946093082428 7
1683295642572 112.67521500587463 8
1683295745332 101.1277244091034 9
1683295840245 93.30535173416138 10
1683295965456 123.3128113746643 11
1683296048881 81.8695216178894 12
1683296197766 146.4325942993164 13
1683296359159 158.92277789115906 14
1683296470580 109.63392210006714 15
1683296604170 131.41901183128357 16
1683296760908 154.28201937675476 17
1683296886284 123.39206218719482 18
1683297015720 127.31306052207947 19
